state,AK,AL,AR,AZ,CA,CO,CT,DC,DE,FL,GA,GU,HI,IA,ID,IL,IN,KS,KY,LA,MA,MD,ME,MI,MN,MO,MS,MT,NC,ND,NE,NH,NJ,NM,NV,NY,OH,OK,OR,PA,PR,RI,SC,SD,TN,TX,UT,VA,VI,VT,WA,WI,WV,WY
AK,1.0,-0.6375189123153459,0.22907960230649518,-0.3599060762650849,-0.3202268040675477,0.7329103457319186,0.8722358634311611,0.8731608414996624,0.9076215166478752,-0.7560905890026574,-0.7802334273835269,0.931893386873166,0.9396140801537225,-0.23742839637073485,0.6010322027367536,-0.6669729026895641,-0.6650727695818409,0.04112052180985007,-0.6056106150611107,-0.7303864280630575,0.9121411584190335,0.9219774610058676,0.578469793328348,-0.39904268918348434,0.7751071202532565,-0.4748629442634476,-0.4099267885667886,0.26324097407325436,-0.3083989552809284,0.09775677863828736,0.7315089830539963,0.7459331194967205,0.9699638757046352,0.9180454144734961,0.6880113610327099,0.6063099590453547,-0.7062382007263515,-0.5173171974653012,0.6788969836375895,-0.6157559698895333,0.3039811637582179,0.9213425595257116,0.8103613360896132,0.9699968700231579,0.3461592071660346,-0.7194642085360612,0.2121070124982477,-0.04546566727587517,0.7059877194259426,-0.02579327799967593,0.699718492766833,0.5912906804549006,-0.5232129864858981,-0.0447718842183931
AL,-0.6375189123153459,1.0,-0.621237376567474,-0.14064292155577748,0.5687852596427058,-0.12323471811022325,-0.8338900647720824,-0.7720164119736248,-0.5969994145094537,0.21631406431441344,0.8934718146301714,-0.7878249249216422,-0.7320711291984492,-0.4916472940721466,-0.12269247952583197,0.7930529056870954,0.5225419146253406,-0.5741498923403648,0.46294504089593047,0.284901187202648,-0.812222660207734,-0.6003414045747298,-0.44986782992229596,0.6189169443382371,-0.756924349103606,-0.0013056866132572854,-0.16636479275726984,-0.39558252752941103,0.8343063942536707,-0.28804499201350753,-0.6985302894753764,-0.30087008487163963,-0.5480101700308917,-0.5687930863033391,-0.6709772458374701,-0.29784145267827544,0.576198580450849,-0.12294804662747051,-0.3524344706047225,0.89568938182425,-0.08610991995389233,-0.7126627313444557,-0.4978649592262048,-0.6863628303838928,0.4296341509218043,0.5376934764329313,-0.3555731981203754,0.6507859900385182,-0.7315301704088927,0.09929997905551277,-0.6023423070623675,-0.6581649631053776,0.9538967005986586,-0.31358345854961384
AR,0.22907960230649518,-0.621237376567474,1.0000000000000002,0.04542086299324009,-0.4020564535480895,-0.31926427017685916,0.40807112464848133,0.39274644171509876,0.19906569049614384,0.1923226486055506,-0.27908908836643287,0.39605310602107613,0.3683565595874968,0.7854983659972875,0.1971914880616463,-0.6373720700916788,-0.6618579273435274,0.9678895764376387,-0.6910527230092431,-0.06213134348890367,0.4750275576212459,0.24480860880403155,0.6529013369128175,-0.6421425076652483,0.21575925207841676,-0.2027319338892799,0.7619858406133139,-0.02073257986166613,-0.8079370511930956,-0.14415323941819727,0.18725309793916964,0.28131446933805687,0.20898499250893127,0.07767834438423381,0.1108092802777236,0.12899485684196202,-0.5573359597904083,0.6602018992639002,0.3896163791480356,-0.6062040922632786,-0.18256508099309945,0.23329823986833143,0.01219150869120431,0.40893651832207,-0.47392257601605814,-0.4515277190989886,-0.0931797071077625,-0.27797287447923197,0.24869019059796205,0.15100069205806446,0.6624592951652132,0.06015843475542832,-0.5576603633392662,-0.13776295263149738
AZ,-0.3599060762650849,-0.14064292155577748,0.04542086299324009,1.0000000000000002,-0.5692043160479938,-0.4989544596790722,-0.05576485595359761,-0.24465415679437874,-0.02807636837376293,0.3839514444038442,-0.15056586271739125,-0.14674055910747805,-0.06467012253228727,0.3324994454421582,-0.6857109306922107,-0.16750455833791805,0.4917445856601148,0.2396071551443485,0.6202055952992761,0.016623373923866397,-0.3029635707639367,-0.06813036436332766,-0.44657337150755283,-0.279926917639744,-0.11832306194638824,0.9405971245899026,0.28283076586847117,0.7712769725374079,-0.017421933310219146,0.8379344519224293,0.35448737696872207,-0.5277121935657791,-0.5477315438721703,-0.045927075510045504,0.38828094782438216,-0.7909948295781059,0.084262379061734,0.22743154168131174,-0.5473155661681495,-0.30212015764002553,0.49026058281899837,0.013967049482515167,0.13219529652991183,-0.41288601266382186,-0.3779315705633213,-0.057158894726862315,0.7884707800539577,-0.6398071590035851,0.3532855499804914,-0.38353330627566923,-0.43632605818249287,0.14000220164028337,-0.10168564844977958,0.862585997457805
CA,-0.3202268040675477,0.5687852596427058,-0.4020564535480895,-0.5692043160479938,1.0000000000000002,0.263142766645711,-0.4487744468542756,-0.3257761041084033,-0.6095969551764504,-0.07277529290543668,0.5528478696243238,-0.4853697020621959,-0.602393260002781,-0.258157928065006,-0.07881464211040956,0.8359332181431702,0.2963921198034004,-0.47705878671757607,0.07228975070342963,0.5452971327962398,-0.3119123649539104,-0.5653874017991178,-0.3626408699766955,0.8928768014320724,-0.12155600447685584,-0.3353119457923796,-0.3085798722795486,-0.6764683819725312,0.39854037727553376,-0.5712424868519653,-0.6349848521329812,-0.29812040655966626,-0.156323738993738,-0.4374408659480028,-0.61098366249392,0.4868787161649245,0.6908511335876639,-0.11368187676091654,-0.2850414366233712,0.8398716099847496,-0.6110315124493436,-0.5806372097771553,-0.46696662523126703,-0.3638511922565153,0.20555961716570165,0.7378911070053328,-0.6427939552758103,0.4196614423075463,-0.6473291039973686,-0.06935308922162235,-0.35460952527172507,-0.12709447037326432,0.3666215791642862,-0.4532834544783159
CO,0.7329103457319186,-0.12323471811022325,-0.31926427017685916,-0.4989544596790722,0.263142766645711,0.9999999999999997,0.4871847625094546,0.5034796705090161,0.5739322742027065,-0.9332357489104501,-0.431720479033119,0.5205609472263012,0.5278577174879656,-0.6674833942906144,0.42580862373786416,-0.03970222105234487,-0.1812858363154783,-0.5255412333235062,-0.20721813981640044,-0.5336055940467853,0.5353499027617,0.6055759162327768,0.11837315037258203,0.27125487633559064,0.6394917093343618,-0.42667382296961537,-0.8387125664402052,0.09760186299826921,0.27266477964871894,0.03751202768708634,0.4512481909899968,0.46174077862243174,0.7688365805028052,0.7382190975977464,0.4309209464963856,0.7090116974401356,-0.16001764708191116,-0.8614151954043219,0.34219627658023055,-0.011154523139317734,0.2267035744127365,0.5689629619147769,0.688561686996047,0.5900120638712526,0.6903645541984609,-0.23505883988763335,0.09666050705309981,0.22244414022161627,0.35683175657246746,-0.1798674943274538,0.2328272811096147,0.5598213089410757,-0.1116355892226552,-0.06631980785264245
CT,0.8722358634311611,-0.8338900647720824,0.40807112464848133,-0.05576485595359761,-0.4487744468542756,0.4871847625094546,1.0,0.9730960645730381,0.7874728514657784,-0.544523068548471,-0.9060974137722057,0.9811773364493127,0.9021539926022539,0.14052529716219672,0.20338601817635674,-0.6983175921573265,-0.5344610613326236,0.2952284163663818,-0.5017190813745671,-0.5388107333236337,0.9587447896521065,0.7951503309482129,0.40700399869177645,-0.4525989647215247,0.9010748180912297,-0.17861971065773705,-0.19007172032069636,0.4383963900698279,-0.5774193517316764,0.3017402854314648,0.8399656712198321,0.406207125139334,0.7707745534275346,0.8183651233928004,0.828984017253503,0.45003992549365496,-0.5944908515955587,-0.2542149395453176,0.39281899596688763,-0.7287196130377437,0.17279699227577716,0.9214703833832485,0.74156091169473,0.8671700146732433,-0.07622812174397715,-0.6270376520552959,0.38524063347355436,-0.4940084665320447,0.8873172881313738,-0.27611667762621,0.584340509567298,0.787566176240453,-0.7881273275066182,0.24972492564350612
DC,0.8731608414996624,-0.7720164119736248,0.39274644171509876,-0.24465415679437874,-0.3257761041084033,0.5034796705090161,0.9730960645730381,0.9999999999999998,0.7128190683791652,-0.529490911602397,-0.8219598422485438,0.9677522518025609,0.8472856189016515,0.12500088602558435,0.2790339779207496,-0.614751990434214,-0.5913306486176932,0.2611099341732598,-0.6052695541341874,-0.45891786054991657,0.9755666040346179,0.7229824800009661,0.45356190703499527,-0.3741397300036606,0.8766525771469557,-0.34241532593640456,-0.1989973816746627,0.2384122780090389,-0.5959934487487316,0.10079099828898738,0.7047921914012073,0.44129704312393453,0.8043104518582109,0.7399304839706343,0.6975241181688319,0.5557921539930796,-0.5502952768737734,-0.2311039511043942,0.4387654230955832,-0.6225939121390113,-0.0035669152397841035,0.856283584197658,0.625525511969481,0.8932800407145255,-0.07780024902568314,-0.5455883675600495,0.18398772862301702,-0.39432350062327687,0.7739488877274635,-0.21825762683115102,0.6188683669493625,0.7205361331537993,-0.7550391690190372,0.06743547445484085
DE,0.9076215166478752,-0.5969994145094537,0.19906569049614384,-0.02807636837376293,-0.6095969551764504,0.5739322742027065,0.7874728514657784,0.7128190683791652,1.0,-0.660650426685569,-0.7773982995889254,0.861288687274791,0.9683761057835157,-0.2719064483667996,0.5263335535964337,-0.8014169566293862,-0.5660890365203678,0.07081013671332125,-0.39555537451329786,-0.8925984070836145,0.7500587978477545,0.9942225286700765,0.5291468377877949,-0.6052676222804051,0.6000263504824519,-0.20636534070004478,-0.33215745596537843,0.5569911745643015,-0.18855987022496795,0.3883770592318577,0.8533071118710873,0.727013480903354,0.8216138389442185,0.9574288898361986,0.806468617894158,0.2500092316018613,-0.8175812884833656,-0.5203275114527074,0.6350442818136648,-0.7435857631571006,0.6525758083786675,0.9561570391665632,0.9141266542168808,0.8559488403291804,0.392773907385077,-0.8872822505603868,0.5071876887133084,-0.08422487688751039,0.8013036989828165,-0.003873201020406328,0.6140024407244596,0.48427873823600914,-0.39717216819844087,0.18073856160166976
FL,-0.7560905890026574,0.21631406431441344,0.1923226486055506,0.3839514444038442,-0.07277529290543668,-0.9332357489104501,-0.544523068548471,-0.529490911602397,-0.660650426685569,0.9999999999999997,0.532411668605146,-0.5832698688978698,-0.6253207329754195,0.6055097197668466,-0.45211022599485645,0.19818471524143336,0.2386650247025621,0.38099315537002887,0.18639198803940604,0.708689957851568,-0.5800723752292346,-0.6993446135609513,-0.2715112119561189,-0.08848976094930694,-0.6324400769844796,0.384165504559858,0.7162939623411528,-0.21030142374780253,-0.21182235435302119,-0.128138690098764,-0.5496416487672673,-0.5248928149224417,-0.7841367229317296,-0.7967710571115543,-0.5087343024048858,-0.5974576055493859,0.3118002209415603,0.8297375807630557,-0.4579591281658803,0.16052831783354118,-0.33201064134346603,-0.6369490954688791,-0.7598708382517966,-0.6392975012738914,-0.647542991542721,0.40006359817579046,-0.21451465188170513,-0.1653805055368605,-0.44763830720055103,0.022045032969843864,-0.37720122082626817,-0.5429134582391897,0.1562942211519165,0.0021051830648163984
GA,-0.7802334273835269,0.8934718146301714,-0.27908908836643287,-0.15056586271739125,0.5528478696243238,-0.431720479033119,-0.9060974137722057,-0.8219598422485438,-0.7773982995889254,0.532411668605146,0.9999999999999999,-0.871471055168581,-0.8471928541935098,-0.10420808332349113,-0.11924582658804321,0.7207309801396274,0.3627553714930121,-0.2117942006645904,0.24770168948453603,0.5351817263756076,-0.8321862985887828,-0.769708636972891,-0.3021932003495666,0.4833038552299982,-0.8649469300647832,-0.05765420458341041,0.23710395072325058,-0.5972720110049692,0.529303297172938,-0.4977806192285826,-0.8890895747208768,-0.32949690472027,-0.6696373475530962,-0.8117605959051948,-0.87974316156683,-0.30434004847615004,0.5424928476470212,0.3078526045536457,-0.3253315078608687,0.8210354371038489,-0.3365274399425007,-0.8834608844236126,-0.7711907298855567,-0.737627994435084,0.12694877109908986,0.589767653355175,-0.5761024045074148,0.5995361727984033,-0.886448521729754,0.20316436397120438,-0.4839959572801154,-0.8131429041542098,0.8296216509225655,-0.46582097233518266
GU,0.931893386873166,-0.7878249249216422,0.39605310602107613,-0.14674055910747805,-0.4853697020621959,0.5205609472263012,0.9811773364493127,0.9677522518025609,0.861288687274791,-0.5832698688978698,-0.871471055168581,1.0,0.9529214648490062,0.042077538949633675,0.36680668288724616,-0.7520236253510516,-0.6323318396555734,0.264498699813571,-0.5760950349228331,-0.642134944848846,0.9645241130382164,0.8668550283807407,0.5250169444328581,-0.5199016707639645,0.8329767456779645,-0.2935848458148159,-0.20828724192981488,0.3876404045594954,-0.527487287454259,0.22721149095958673,0.8160899503368445,0.5611642998930932,0.8463010330767262,0.8577457756750604,0.7926607944021418,0.4556188228808237,-0.7011639891834607,-0.3052673082845493,0.5352431269022998,-0.7392431800438615,0.23188060005269223,0.9509627012983062,0.7639724939757537,0.9362624855486861,0.04340137591789232,-0.7218365922538474,0.3291390166406727,-0.3435053244536305,0.8516275625321582,-0.1532119023951585,0.6724958937325906,0.6822267323910721,-0.7009603168627945,0.13159228985604896
HI,0.9396140801537225,-0.7320711291984492,0.3683565595874968,-0.06467012253228727,-0.602393260002781,0.5278577174879656,0.9021539926022539,0.8472856189016515,0.9683761057835157,-0.6253207329754195,-0.8471928541935098,0.9529214648490062,1.0,-0.08028544161644843,0.4827166137045758,-0.844397731608217,-0.6500736074753322,0.23597994922989973,-0.5221194489914346,-0.8118055040080743,0.8785172628504223,0.9722362155219277,0.5922258151069729,-0.6334090488893427,0.7137687062298882,-0.2552599211181231,-0.215074518189647,0.4965482058082538,-0.39202007722091803,0.3198039449817714,0.8625468069159566,0.6900014533102927,0.8526086202721921,0.9313868047769172,0.8163980804210168,0.3402084165684586,-0.8267325534804129,-0.382114358419026,0.6367357414741963,-0.8022567497362272,0.47935282109848104,0.9783153694820638,0.8640164098357084,0.9256110189857875,0.21574480851350494,-0.8695332310559932,0.4381127885899247,-0.21311906157001387,0.8476818885450419,-0.03959276198915469,0.7029451568591901,0.5708106115732645,-0.56868692170077,0.15552678930299885
IA,-0.23742839637073485,-0.4916472940721466,0.7854983659972875,0.3324994454421582,-0.258157928065006,-0.6674833942906144,0.14052529716219672,0.12500088602558435,-0.2719064483667996,0.6055097197668466,-0.10420808332349113,0.042077538949633675,-0.08028544161644843,1.0,-0.3570774271949628,-0.27275213390998904,-0.1801685282947516,0.8806894068363077,-0.2680335527044924,0.4615604004617719,0.1302866428487088,-0.2569102704802817,0.1363780962148022,-0.36143586802518946,0.06870296897241038,0.22181336391063425,0.8416392349417992,-0.03178502202811212,-0.8091567636916542,-0.03448446153114628,-0.04512614469235674,-0.3133252567166429,-0.2915239334392536,-0.34680405484639326,-0.05215339975622537,-0.14196379315151794,-0.04883644305784063,0.8930532860844914,-0.17132842854907854,-0.36620726613222815,-0.43627985442650546,-0.13472329929030674,-0.3613815716664265,-0.07337649251785897,-0.8894486913186225,0.05305774420259981,-0.06599900687388402,-0.600401885027663,0.07187704581217202,-0.09191913965037493,0.1645069593616399,0.058802866355762734,-0.565161857723479,0.13035715161938716
ID,0.6010322027367536,-0.12269247952583197,0.1971914880616463,-0.6857109306922107,-0.07881464211040956,0.42580862373786416,0.20338601817635674,0.2790339779207496,0.5263335535964337,-0.45211022599485645,-0.11924582658804321,0.36680668288724616,0.4827166137045758,-0.3570774271949628,0.9999999999999998,-0.43457496211579466,-0.7660062238553683,0.01088349548178801,-0.6978109403363975,-0.5502617060793656,0.40549080521866016,0.5524804392929428,0.8298337720774064,-0.35619156819021447,0.05191072205025317,-0.8171154008383413,-0.11743100125182551,-0.3397548774097212,-0.04652924307039027,-0.4975371886382774,0.028260855621536005,0.9621539932680888,0.7228702647392437,0.4064397255127583,-0.06752686929097469,0.4866494120959987,-0.6709774194014166,-0.2658610318926968,0.9344684101498004,-0.25243874917741665,0.13854681436711722,0.34234327217220106,0.26200485195577167,0.6621221408936457,0.5457727071542495,-0.5619373351696585,-0.37899933038916817,0.6630188779504809,-0.05054746515161998,0.6291390515201908,0.7597796023634843,-0.22665186084329575,0.05600997334545912,-0.6817717732854379
IL,-0.6669729026895641,0.7930529056870954,-0.6373720700916788,-0.16750455833791805,0.8359332181431702,-0.03970222105234487,-0.6983175921573265,-0.614751990434214,-0.8014169566293862,0.19818471524143336,0.7207309801396274,-0.7520236253510516,-0.844397731608217,-0.27275213390998904,-0.43457496211579466,1.0,0.7205606433991776,-0.5888822744880227,0.5224967187736679,0.6469714902592293,-0.6809417485235297,-0.7923810626052051,-0.7095048526415324,0.9354206432646542,-0.4088223879550586,0.10837460079524754,-0.2622801815867379,-0.4689350469328731,0.6115925600514849,-0.2904612573827949,-0.6901315179768248,-0.6309641899649597,-0.578987232361416,-0.6449122242857552,-0.6295779760623267,-0.0326013943616693,0.9280023395146076,-0.06632502893004869,-0.651719701898816,0.9621515371011431,-0.46223570003394115,-0.7687742623924172,-0.5859383257970658,-0.7363749726490483,0.10446124682188498,0.9088263058775061,-0.4036369850784482,0.27758845004835886,-0.695198277539409,-0.2116817258098501,-0.7617037609407838,-0.26126433019120227,0.5807469866351012,-0.14465867670346325
IN,-0.6650727695818409,0.5225419146253406,-0.6618579273435274,0.4917445856601148,0.2963921198034004,-0.1812858363154783,-0.5344610613326236,-0.5913306486176932,-0.5660890365203678,0.2386650247025621,0.3627553714930121,-0.6323318396555734,-0.6500736074753322,-0.1801685282947516,-0.7660062238553683,0.7205606433991776,0.9999999999999998,-0.5101099566207689,0.9140861868761471,0.44421899516020014,-0.6982759586313018,-0.5912724764779095,-0.9222431886946117,0.6516812850711552,-0.2947501329137589,0.7321988903567604,-0.2583741762983513,0.19070439379206355,0.5737349850951768,0.39500639088079004,-0.22181075282583917,-0.809271082633456,-0.7290127504287306,-0.41372351649040995,-0.14768251431487683,-0.5004773112965619,0.8484809429649723,-0.12964950935378283,-0.8858360995133783,0.5709369004388029,0.024906390848499424,-0.5110611947428939,-0.24618987604414186,-0.798415218089846,-0.04927934281724389,0.7178373018477423,0.2759506687505028,-0.211677519393141,-0.2618248366799566,-0.4851691804741435,-0.9522674485978339,0.019019014058539157,0.3676042274251278,0.5359095117671385
KS,0.04112052180985007,-0.5741498923403648,0.9678895764376387,0.2396071551443485,-0.47705878671757607,-0.5255412333235062,0.2952284163663818,0.2611099341732598,0.07081013671332125,0.38099315537002887,-0.2117942006645904,0.264498699813571,0.23597994922989973,0.8806894068363077,0.01088349548178801,-0.5888822744880227,-0.5101099566207689,1.0,-0.5175140251331716,0.04869313033345254,0.3181710169549632,0.100966533887112,0.5178835786280657,-0.6596816046316503,0.08793604770749136,-0.0012797745546083716,0.8697667031384902,0.04778822287074546,-0.8044758535383679,-0.04454108264423007,0.1338890443289362,0.09987882529330495,-0.005530699643059452,-0.06802173503941035,0.07559289978695212,-0.09191271012783003,-0.4601546583755063,0.7800212690154839,0.22520506771336146,-0.5861172015804937,-0.1739046174121374,0.118187467634251,-0.10222032720941145,0.2262234033705066,-0.622831759429254,-0.36500357924341686,-0.014277674791371828,-0.38968472334743454,0.2133708074928727,0.12430937607131093,0.5136432940116568,-0.011196203638343899,-0.5212858241646215,-0.009611666213149747
KY,-0.6056106150611107,0.46294504089593047,-0.6910527230092431,0.6202055952992761,0.07228975070342963,-0.20721813981640044,-0.5017190813745671,-0.6052695541341874,-0.39555537451329786,0.18639198803940604,0.24770168948453603,-0.5760950349228331,-0.5221194489914346,-0.2680335527044924,-0.6978109403363975,0.5224967187736679,0.9140861868761471,-0.5175140251331716,1.0,0.21943078588028292,-0.6894098165134338,-0.44072874373631765,-0.8247303374786389,0.41712162719994456,-0.3434558621724824,0.7871559131675938,-0.26201433325395335,0.3848839364937563,0.5987777383405863,0.5540488014130016,-0.09223393439359054,-0.7034154001953105,-0.6763024247511241,-0.29769287812836204,-0.016411479276995895,-0.6325362820296507,0.6283452384047056,-0.20970162751419646,-0.7367467775345323,0.39539977973125323,0.2880456962378115,-0.3863371999667962,-0.12283676009983063,-0.7507846409750211,-0.004600000541196516,0.4757274424271528,0.4670844394145164,-0.20364272225404456,-0.13639191663344982,-0.2774337705270753,-0.8369427805563368,-0.04662334171575382,0.3985490333411892,0.6163878547082339
LA,-0.7303864280630575,0.284901187202648,-0.06213134348890367,0.016623373923866397,0.5452971327962398,-0.5336055940467853,-0.5388107333236337,-0.45891786054991657,-0.8925984070836145,0.708689957851568,0.5351817263756076,-0.642134944848846,-0.8118055040080743,0.4615604004617719,-0.5502617060793656,0.6469714902592293,0.44421899516020014,0.04869313033345254,0.21943078588028292,0.9999999999999998,-0.5049561847706536,-0.8962192125561208,-0.522246029474753,0.5241843252502166,-0.32413396752324086,0.21270973997010215,0.33131287747641225,-0.5109089178894755,-0.11430607837971486,-0.35472833746755444,-0.6973213522987164,-0.71700825497552,-0.6782214270241677,-0.8421246929772425,-0.6375147845010041,-0.07691322961719516,0.7627853878510907,0.5983157974242471,-0.6475490991372062,0.528383893997726,-0.7464762906254426,-0.7773929004392588,-0.8357729292942347,-0.6756803588726402,-0.5909276071364556,0.8662652958796989,-0.47914906271004454,-0.16031097420604162,-0.6171119243992602,-0.18936417209750012,-0.543628647940714,-0.22712261500260178,0.0490665124195037,-0.09490101247295801
MA,0.9121411584190335,-0.812222660207734,0.4750275576212459,-0.3029635707639367,-0.3119123649539104,0.5353499027617,0.9587447896521065,0.9755666040346179,0.7500587978477545,-0.5800723752292346,-0.8321862985887828,0.9645241130382164,0.8785172628504223,0.1302866428487088,0.40549080521866016,-0.6809417485235297,-0.6982759586313018,0.3181710169549632,-0.6894098165134338,-0.5049561847706536,0.9999999999999999,0.7727779291992165,0.5786552137618006,-0.42755926389435844,0.8719484412597486,-0.4289467576813891,-0.1557501778986794,0.1961413504622479,-0.620826017115564,0.04057892671147685,0.6903040192300944,0.5546409735012888,0.8739384295249246,0.7657667118148035,0.6591357877137363,0.6370153875821196,-0.6394479456452219,-0.2149512188085784,0.568122661443086,-0.6756823050853469,0.02258115795221553,0.8554694899233762,0.6407558885827449,0.9409697643401124,-0.028797442955186502,-0.6144022504117947,0.1380284112100227,-0.30974999798601116,0.7316687309691057,-0.09017114186283488,0.7399533968440777,0.6797820102080044,-0.7668145049343994,-0.012450972262307831
MD,0.9219774610058676,-0.6003414045747298,0.24480860880403155,-0.06813036436332766,-0.5653874017991178,0.6055759162327768,0.7951503309482129,0.7229824800009661,0.9942225286700765,-0.6993446135609513,-0.769708636972891,0.8668550283807407,0.9722362155219277,-0.2569102704802817,0.5524804392929428,-0.7923810626052051,-0.5912724764779095,0.100966533887112,-0.44072874373631765,-0.8962192125561208,0.7727779291992165,1.0000000000000002,0.5642687560271209,-0.5811117424802668,0.6225896486201283,-0.25069714916174135,-0.31769551084660597,0.5221732297903717,-0.19556520333511448,0.3502914300270322,0.8442928022817685,0.7474528289640743,0.846837761269228,0.9631672059333772,0.7872210968482031,0.30650791347943995,-0.8181159054759033,-0.512411584306204,0.6584327728624887,-0.7296938931467066,0.6209897257911797,0.9483929945987374,0.917764874999488,0.875324923554437,0.41243521755986234,-0.884344216557324,0.4709641543901052,-0.060791991649019946,0.7845572424156908,-0.0005517770332154626,0.648243659187776,0.49675412423271137,-0.4057487552635534,0.14493826924997671
ME,0.578469793328348,-0.44986782992229596,0.6529013369128175,-0.44657337150755283,-0.3626408699766955,0.11837315037258203,0.40700399869177645,0.45356190703499527,0.5291468377877949,-0.2715112119561189,-0.3021932003495666,0.5250169444328581,0.5922258151069729,0.1363780962148022,0.8298337720774064,-0.7095048526415324,-0.9222431886946117,0.5178835786280657,-0.8247303374786389,-0.522246029474753,0.5786552137618006,0.5642687560271209,1.0,-0.6755644382096115,0.15450549715899844,-0.6947045155732101,0.3182664910505935,-0.213544872786364,-0.48198505803609476,-0.40249945991714675,0.15983827468592313,0.8617029954908356,0.6549459230398059,0.36129293799376216,0.05643482777203326,0.3634494113679929,-0.8434768654143804,0.12406016446991767,0.9418943721003346,-0.55573752581957,0.03259974832727795,0.41935591343496686,0.2156521205288312,0.7280649090550544,0.10716374416262033,-0.7139782535522292,-0.27331740360672696,0.29726708626901377,0.1517863919068522,0.6463596239325707,0.9630655690366553,-0.14173651870486503,-0.26919562172772055,-0.5443870471156745
MI,-0.39904268918348434,0.6189169443382371,-0.6421425076652483,-0.279926917639744,0.8928768014320724,0.27125487633559064,-0.4525989647215247,-0.3741397300036606,-0.6052676222804051,-0.08848976094930694,0.4833038552299982,-0.5199016707639645,-0.6334090488893427,-0.36143586802518946,-0.35619156819021447,0.9354206432646542,0.6516812850711552,-0.6596816046316503,0.41712162719994456,0.5241843252502166,-0.42755926389435844,-0.5811117424802668,-0.6755644382096115,1.0,-0.08995270944305964,0.020566937555104418,-0.4849343558082021,-0.3962818605540842,0.5701036395488497,-0.23431567110430446,-0.4758780737216181,-0.5226566350513239,-0.31554024071973236,-0.3807166426467685,-0.4235494094469963,0.23874958233552498,0.8800450846230902,-0.27833750261031276,-0.5788979986173263,0.8713492868295759,-0.4338518427917337,-0.5413736301044652,-0.3379165527909069,-0.5093362027310474,0.21488698057903668,0.8422373987995133,-0.3334736616970565,0.20995020774232406,-0.507090512085257,-0.35642001955224195,-0.6675120339675865,0.03983377505508019,0.38903624081053756,-0.08872859887831457
MN,0.7751071202532565,-0.756924349103606,0.21575925207841676,-0.11832306194638824,-0.12155600447685584,0.6394917093343618,0.9010748180912297,0.8766525771469557,0.6000263504824519,-0.6324400769844796,-0.8649469300647832,0.8329767456779645,0.7137687062298882,0.06870296897241038,0.05191072205025317,-0.4088223879550586,-0.2947501329137589,0.08793604770749136,-0.3434558621724824,-0.32413396752324086,0.8719484412597486,0.6225896486201283,0.15450549715899844,-0.08995270944305964,1.0000000000000002,-0.11836836384845455,-0.38772829204478254,0.3530693616876446,-0.45766089384104947,0.28271909911509846,0.7475510916177578,0.20334506635329402,0.7053818621700787,0.7400642696756937,0.7489772864304642,0.6256360783106762,-0.2711400965821481,-0.361652196302071,0.17789584893945345,-0.5115612470348041,0.024281068194829666,0.7698611347331052,0.680888813979247,0.7141026939411739,-0.05930439567763766,-0.312646907904317,0.32933065024357505,-0.5286635075673833,0.7602024640870183,-0.43411695874874195,0.37019959616188636,0.941436727292489,-0.806316712296113,0.31125652943323606
MO,-0.4748629442634476,-0.0013056866132572854,-0.2027319338892799,0.9405971245899026,-0.3353119457923796,-0.42667382296961537,-0.17861971065773705,-0.34241532593640456,-0.20636534070004478,0.384165504559858,-0.05765420458341041,-0.2935848458148159,-0.2552599211181231,0.22181336391063425,-0.8171154008383413,0.10837460079524754,0.7321988903567604,-0.0012797745546083716,0.7871559131675938,0.21270973997010215,-0.4289467576813891,-0.25069714916174135,-0.6947045155732101,0.020566937555104418,-0.11836836384845455,1.0,0.09519105341052805,0.6714067712038299,0.1245115094007018,0.7998738956167155,0.22893093959874172,-0.7063273665035817,-0.648962885831619,-0.1571749135797787,0.28765663326769514,-0.7383871631155785,0.38037778460769356,0.12722161566475743,-0.7549133092795474,-0.074307619899153,0.3571531896289418,-0.1339395882123993,0.03033604067761327,-0.5686980260431924,-0.36195271608426,0.2339129568118152,0.7158526763452574,-0.638922180467493,0.217099229335239,-0.5178556537264948,-0.6783726411027107,0.19347311880237397,-0.04239689469798731,0.8907469436231394
MS,-0.4099267885667886,-0.16636479275726984,0.7619858406133139,0.28283076586847117,-0.3085798722795486,-0.8387125664402052,-0.19007172032069636,-0.1989973816746627,-0.33215745596537843,0.7162939623411528,0.23710395072325058,-0.20828724192981488,-0.215074518189647,0.8416392349417992,-0.11743100125182551,-0.2622801815867379,-0.2583741762983513,0.8697667031384902,-0.26201433325395335,0.33131287747641225,-0.1557501778986794,-0.31769551084660597,0.3182664910505935,-0.4849343558082021,-0.38772829204478254,0.09519105341052805,1.0,-0.17367671643935484,-0.5616918079186557,-0.2016449416314264,-0.2973963422094717,-0.12478115267975817,-0.41411106222052774,-0.5093413369630672,-0.33697808530768275,-0.3723224734309311,-0.1818542445460779,0.9472277979074227,0.026102654227431996,-0.2396021790924058,-0.2874467218773428,-0.33656885826641203,-0.5151914463951898,-0.20731978974901558,-0.6570817534155843,-0.06338351482380343,-0.21147170568880505,-0.17886282385655694,-0.21210074916806693,0.290004715115364,0.22742219264490088,-0.43723780679295776,-0.13558203915776249,-0.1384668776634697
MT,0.26324097407325436,-0.39558252752941103,-0.02073257986166613,0.7712769725374079,-0.6764683819725312,0.09760186299826921,0.4383963900698279,0.2384122780090389,0.5569911745643015,-0.21030142374780253,-0.5972720110049692,0.3876404045594954,0.4965482058082538,-0.03178502202811212,-0.3397548774097212,-0.4689350469328731,0.19070439379206355,0.04778822287074546,0.3848839364937563,-0.5109089178894755,0.1961413504622479,0.5221732297903717,-0.213544872786364,-0.3962818605540842,0.3530693616876446,0.6714067712038299,-0.17367671643935484,1.0,0.01040148238760905,0.9756623323783032,0.8327607848804677,-0.09583834525349727,0.06037938801256561,0.5831965765791742,0.8523263588088134,-0.4109000220289381,-0.2837752089607912,-0.2981206925098538,-0.1807501505339643,-0.5614059869458614,0.7916840358913801,0.5935905440081275,0.716770463655529,0.13833578821562886,0.017740794504393052,-0.4785196879111763,0.9935926626721722,-0.5841856278653171,0.7974209483438419,-0.4472375516629904,-0.11415557838816547,0.5263553638910947,-0.2819681774057404,0.8786050598542343
NC,-0.3083989552809284,0.8343063942536707,-0.8079370511930956,-0.017421933310219146,0.39854037727553376,0.27266477964871894,-0.5774193517316764,-0.5959934487487316,-0.18855987022496795,-0.21182235435302119,0.529303297172938,-0.527487287454259,-0.39202007722091803,-0.8091567636916542,-0.04652924307039027,0.6115925600514849,0.5737349850951768,-0.8044758535383679,0.5987777383405863,-0.11430607837971486,-0.620826017115564,-0.19556520333511448,-0.48198505803609476,0.5701036395488497,-0.45766089384104947,0.1245115094007018,-0.5616918079186557,0.01040148238760905,0.9999999999999999,0.09905483684195282,-0.2562296873954216,-0.13443178390080301,-0.26953308801286074,-0.09783395375441031,-0.23863664046094507,-0.23474013638771862,0.42299569698809714,-0.5850276180864966,-0.2690832379149498,0.6799568574332857,0.35348842436550487,-0.32932849628314836,0.012960270293285912,-0.46542234500676954,0.7353703384937395,0.28919067778104657,0.06189302788106061,0.5691442876181618,-0.3716432611624432,-0.047469444022057716,-0.5784883771229844,-0.31252614936354045,0.8514306340273441,-0.0024292247047948733
ND,0.09775677863828736,-0.28804499201350753,-0.14415323941819727,0.8379344519224293,-0.5712424868519653,0.03751202768708634,0.3017402854314648,0.10079099828898738,0.3883770592318577,-0.128138690098764,-0.4977806192285826,0.22721149095958673,0.3198039449817714,-0.03448446153114628,-0.4975371886382774,-0.2904612573827949,0.39500639088079004,-0.04454108264423007,0.5540488014130016,-0.35472833746755444,0.04057892671147685,0.3502914300270322,-0.40249945991714675,-0.23431567110430446,0.28271909911509846,0.7998738956167155,-0.2016449416314264,0.9756623323783032,0.09905483684195282,0.9999999999999998,0.7322520235421444,-0.27876558600340123,-0.1065328924287609,0.44696775654157117,0.7669164074057953,-0.48471169284764604,-0.07454696129606032,-0.28199078110320586,-0.37054341267085167,-0.4203414944863147,0.727209662763965,0.4408812873617522,0.6065720934888699,-0.04549202118023174,-0.031750662679737564,-0.279192045807472,0.9889168465817851,-0.6235302605815062,0.6914044135981204,-0.5295039365664136,-0.31119621817795934,0.5138799749266281,-0.22134904463827848,0.9511005728218667
NE,0.7315089830539963,-0.6985302894753764,0.18725309793916964,0.35448737696872207,-0.6349848521329812,0.4512481909899968,0.8399656712198321,0.7047921914012073,0.8533071118710873,-0.5496416487672673,-0.8890895747208768,0.8160899503368445,0.8625468069159566,-0.04512614469235674,0.028260855621536005,-0.6901315179768248,-0.22181075282583917,0.1338890443289362,-0.09223393439359054,-0.6973213522987164,0.6903040192300944,0.8442928022817685,0.15983827468592313,-0.4758780737216181,0.7475510916177578,0.22893093959874172,-0.2973963422094717,0.8327607848804677,-0.2562296873954216,0.7322520235421444,1.0,0.2846383149051566,0.5657573485754639,0.895408405795979,0.9897550959804967,0.08107171954053319,-0.5464517437321886,-0.42715531917366184,0.19971797621106985,-0.7503178318041549,0.6290945092056014,0.9210855652391725,0.9277738364683757,0.640115821158456,0.10184906860637442,-0.6838013301405887,0.8012138026012265,-0.5346670169852035,0.9726798415665476,-0.3932112623540204,0.3088635948686565,0.7731776028288072,-0.587297105965351,0.6226280121866516
NH,0.7459331194967205,-0.30087008487163963,0.28131446933805687,-0.5277121935657791,-0.29812040655966626,0.46174077862243174,0.406207125139334,0.44129704312393453,0.727013480903354,-0.5248928149224417,-0.32949690472027,0.5611642998930932,0.6900014533102927,-0.3133252567166429,0.9621539932680888,-0.6309641899649597,-0.809271082633456,0.09987882529330495,-0.7034154001953105,-0.71700825497552,0.5546409735012888,0.7474528289640743,0.8617029954908356,-0.5226566350513239,0.20334506635329402,-0.7063273665035817,-0.12478115267975817,-0.09583834525349727,-0.13443178390080301,-0.27876558600340123,0.2846383149051566,1.0,0.8109526278670929,0.6031256306191808,0.18835517099257235,0.426990554487222,-0.8181600142863376,-0.3137697569524594,0.9540963827123835,-0.46352084076395544,0.31022408924420347,0.5639989703289853,0.4758274639893692,0.7939749185928627,0.5214871299702057,-0.7478023043176355,-0.1456605036164196,0.4887837346254793,0.2094073396227675,0.5160975367236779,0.8208886683321728,-0.05721091276180367,-0.0890359968908856,-0.4900493225571034
NJ,0.9699638757046352,-0.5480101700308917,0.20898499250893127,-0.5477315438721703,-0.156323738993738,0.7688365805028052,0.7707745534275346,0.8043104518582109,0.8216138389442185,-0.7841367229317296,-0.6696373475530962,0.8463010330767262,0.8526086202721921,-0.2915239334392536,0.7228702647392437,-0.578987232361416,-0.7290127504287306,-0.005530699643059452,-0.6763024247511241,-0.6782214270241677,0.8739384295249246,0.846837761269228,0.6549459230398059,-0.31554024071973236,0.7053818621700787,-0.648962885831619,-0.41411106222052774,0.06037938801256561,-0.26953308801286074,-0.1065328924287609,0.5657573485754639,0.8109526278670929,1.0,0.8308804179225343,0.512165388122739,0.7326833636370743,-0.6791472797217196,-0.5124608944670616,0.7741794234872943,-0.5012549700599082,0.18483222086003215,0.8079771234074459,0.6943062667148221,0.9555808415984232,0.4046831989227293,-0.6545764447696734,0.012798291056417593,0.12896957217690003,0.5320008598933388,0.13930471369731276,0.7637594080461971,0.4729849912222725,-0.4410228572345895,-0.24797835770927779
NM,0.9180454144734961,-0.5687930863033391,0.07767834438423381,-0.045927075510045504,-0.4374408659480028,0.7382190975977464,0.8183651233928004,0.7399304839706343,0.9574288898361986,-0.7967710571115543,-0.8117605959051948,0.8577457756750604,0.9313868047769172,-0.34680405484639326,0.4064397255127583,-0.6449122242857552,-0.41372351649040995,-0.06802173503941035,-0.29769287812836204,-0.8421246929772425,0.7657667118148035,0.9631672059333772,0.36129293799376216,-0.3807166426467685,0.7400642696756937,-0.1571749135797787,-0.5093413369630672,0.5831965765791742,-0.09783395375441031,0.44696775654157117,0.895408405795979,0.6031256306191808,0.8308804179225343,1.0,0.8593961258892662,0.36618764676024823,-0.6413422176609676,-0.6568137973919561,0.4907392508343811,-0.6266894890349397,0.6049842603826991,0.9540469419686534,0.9754593173043409,0.8201648724104278,0.4427256314109927,-0.7443708482802018,0.5473987493924345,-0.14902520340170916,0.8285927575207954,-0.18764947972969298,0.48441823171273907,0.6668775268917793,-0.42746773080063205,0.27531007726056905
NV,0.6880113610327099,-0.6709772458374701,0.1108092802777236,0.38828094782438216,-0.61098366249392,0.4309209464963856,0.828984017253503,0.6975241181688319,0.806468617894158,-0.5087343024048858,-0.87974316156683,0.7926607944021418,0.8163980804210168,-0.05215339975622537,-0.06752686929097469,-0.6295779760623267,-0.14768251431487683,0.07559289978695212,-0.016411479276995895,-0.6375147845010041,0.6591357877137363,0.7872210968482031,0.05643482777203326,-0.4235494094469963,0.7489772864304642,0.28765663326769514,-0.33697808530768275,0.8523263588088134,-0.23863664046094507,0.7669164074057953,0.9897550959804967,0.18835517099257235,0.512165388122739,0.8593961258892662,1.0,0.0491858239187892,-0.4718216748376254,-0.4372101483260282,0.10691275347318706,-0.7045243329266382,0.6033679448477302,0.8998629356725217,0.8964157886465756,0.5850872540696952,0.055523329243482036,-0.6183190191974554,0.8242841479450642,-0.5898966926453202,0.9820512670306412,-0.45414059829789705,0.2214489292402405,0.7958980673007849,-0.5815158132584821,0.6730571234180952
NY,0.6063099590453547,-0.29784145267827544,0.12899485684196202,-0.7909948295781059,0.4868787161649245,0.7090116974401356,0.45003992549365496,0.5557921539930796,0.2500092316018613,-0.5974576055493859,-0.30434004847615004,0.4556188228808237,0.3402084165684586,-0.14196379315151794,0.4866494120959987,-0.0326013943616693,-0.5004773112965619,-0.09191271012783003,-0.6325362820296507,-0.07691322961719516,0.6370153875821196,0.30650791347943995,0.3634494113679929,0.23874958233552498,0.6256360783106762,-0.7383871631155785,-0.3723224734309311,-0.4109000220289381,-0.23474013638771862,-0.48471169284764604,0.08107171954053319,0.426990554487222,0.7326833636370743,0.36618764676024823,0.0491858239187892,0.9999999999999998,-0.13719159886266213,-0.29483014866056145,0.44506192253404314,-0.007974963476783474,-0.38894252318039035,0.3053346300563808,0.21468195026471967,0.6020169633442217,0.22364512239221662,-0.04786484843269681,-0.437362121114414,0.19154755728120432,0.07015248943560631,0.03695260914251014,0.491846172006127,0.41099844665530616,-0.3708014491078095,-0.46939839505238
OH,-0.7062382007263515,0.576198580450849,-0.5573359597904083,0.084262379061734,0.6908511335876639,-0.16001764708191116,-0.5944908515955587,-0.5502952768737734,-0.8175812884833656,0.3118002209415603,0.5424928476470212,-0.7011639891834607,-0.8267325534804129,-0.04883644305784063,-0.6709774194014166,0.9280023395146076,0.8484809429649723,-0.4601546583755063,0.6283452384047056,0.7627853878510907,-0.6394479456452219,-0.8181159054759033,-0.8434768654143804,0.8800450846230902,-0.2711400965821481,0.38037778460769356,-0.1818542445460779,-0.2837752089607912,0.42299569698809714,-0.07454696129606032,-0.5464517437321886,-0.8181600142863376,-0.6791472797217196,-0.6413422176609676,-0.4718216748376254,-0.13719159886266213,0.9999999999999999,0.05181087087007943,-0.8417272537238122,0.7970842216373912,-0.46620595012110844,-0.7194601698775178,-0.5542873051022391,-0.781406788434336,-0.16003507259794672,0.9685058954263573,-0.20909989588521458,-0.06797596914798754,-0.5414599862323277,-0.4133786312838403,-0.8617888903641545,-0.05406801828291958,0.32525969540167504,0.14409029238331156
